# testing 2023

x <- 1 + 1

y <- 2 + 2

z <- 3 + 3

w < - 5 + 5

r < - 6 + 6