# testing 2023

x <- 1 + 1

y <- 2 + 2