# testing 2023

x <- 1 + 1
