# testing 2023

x <- 1 + 1

y <- 2 + 2

z <- 3 + 3